2.39881211816073
2.94434395742841
-2.79330951048349
-2.24777767121581
-1.70224583194813
-1.15671399268044
-0.61118215341276
-0.0656503141450762
0.479881525122608
1.02541336439029
1.57094520365797
2.11647704292566
2.66200888219334
-3.07564458571856
-2.53011274645088
-1.9845809071832
1.29024293049591
1.8357747697636
2.38130660903128
2.92683844829897
-2.81081501961294
-2.26528318034525
-1.71975134107757
-1.17421950180989
-0.628687662542203
-0.0831558232745197
0.462376015993164
1.00790785526085
1.55343969452853
2.09897153379621
2.6445033730639
-3.09315009484801
0.181673742831104
0.727205582098788
1.27273742136647
1.81826926063415
2.36380109990184
2.90933293916952
-2.82832052874238
-2.2827886894747
-1.73725685020701
-1.19172501093933
-0.646193171671647
-0.100661332403965
0.44487050686372
0.990402346131404
1.53593418539909
2.08146602466677
-0.926895444833708
-0.381363605566024
0.164168233701659
0.709700072969342
1.25523191223703
1.80076375150471
2.34629559077239
2.89182743004008
-2.84582603787183
-2.30029419860414
-1.75476235933646
-1.20923052006878
-0.663698680801093
-0.118166841533409
0.427364997734275
0.972896837001957
-2.03546463249852
-1.48993279323083
-0.94440095396315
-0.398869114695467
0.146662724572217
0.6921945638399
1.23772640310758
1.78325824237527
2.32879008164295
2.87432192091063
-2.86333154700127
-2.31779970773359
-1.7722678684659
-1.22673602919822
-0.681204189930534
-0.135672350662852
3.13915148701626
-2.59850198089564
-2.05297014162796
-1.50743830236028
-0.961906463092594
-0.41637462382491
0.129157215442773
0.674689054710457
1.22022089397814
1.76575273324582
2.31128457251351
2.85681641178119
-2.88083705613071
-2.33530521686303
-1.78977337759535
-1.24424153832766
2.03058229935144
2.57611413861913
3.12164597788681
-2.61600749002509
-2.07047565075741
-1.52494381148972
-0.979411972222041
-0.433880132954357
0.111651706313327
0.65718354558101
1.20271538484869
1.74824722411638
2.29377906338406
2.83931090265174
-2.89834256526016
-2.35281072599248
0.922013111686637
1.46754495095432
2.013076790222
2.55860862948969
3.10414046875737
-2.63351299915453
-2.08798115988685
-1.54244932061916
-0.996917481351481
-0.451385642083797
0.0941461971838861
0.639678036451568
1.18520987571925
1.73074171498694
2.27627355425462
2.8218053935223
-0.186556075978174
0.35897576328951
0.904507602557193
1.45003944182488
1.99557128109256
2.54110312036024
3.08663495962793
-2.65101850828398
-2.10548666901629
-1.55995482974861
-1.01442299048092
-0.468891151213243
0.0766406880544417
0.622172527322126
1.16770436658981
1.71323620585749
-1.29512526364298
-0.749593424375301
-0.204061585107617
0.341470254160066
0.88700209342775
1.43253393269543
1.97806577196312
2.5235976112308
3.06912945049848
-2.66852401741342
-2.12299217814574
-1.57746033887805
-1.03192849961037
-0.486396660342685
0.0591351789249984
0.604667018192681
-2.4036944513078
-1.85816261204011
-1.31263077277243
-0.767098933504745
-0.221567094237061
0.323964745030622
0.869496584298305
1.41502842356599
1.96056026283367
2.50609210210136
3.05162394136904
-2.68602952654286
-2.14049768727518
-1.5949658480075
-1.04943400873981
-0.50390216947213
2.77092166820698
-2.96673179970492
-2.42119996043724
-1.87566812116956
-1.33013628190187
-0.784604442634189
-0.239072603366505
0.306459235901178
0.851991075168862
1.39752291443655
1.94305475370423
2.48858659297191
3.0341184322396
-2.70353503567231
-2.15800319640462
-1.61247135713694
1.66235248054216
2.20788431980985
2.75341615907753
-2.98423730883437
-2.43870546956669
-1.89317363029901
-1.34764179103132
-0.802109951763638
-0.256578112495954
0.288953726771729
0.834485566039412
1.3800174053071
1.92554924457478
2.47108108384246
3.01661292311015
-2.72104054480176
0.553783292877358
1.09931513214504
1.64484697141273
2.19037881068041
2.73591064994809
-3.00174281796381
-2.45621097869613
-1.91067913942844
-1.36514730016076
-0.819615460893077
-0.274083621625393
0.271448217642289
0.816980056909974
1.36251189617766
1.90804373544534
2.45357557471302
-0.554785894787451
-0.00925405551976733
0.536277783747916
1.0818096230156
1.62734146228328
2.17287330155097
2.71840514081865
-3.01924832709325
-2.47371648782557
-1.92818464855789
-1.3826528092902
-0.83712097002252
-0.291589130754836
0.253942708512849
0.799474547780532
1.34500638704821
-1.66335508245226
-1.11782324318458
-0.572291403916893
-0.0267595646492097
0.518772274618474
1.06430411388616
1.60983595315384
2.15536779242152
2.70089963168921
-3.03675383622269
-2.49122199695501
-1.94569015768733
-1.40015831841964
-0.854626479151961
-0.309094639884277
0.236437199383405
